Accuracy: 0.6666666666666666
Precision: [0.5 0.  1. ]
Recall: [1. 0. 1.]
fscore: [0.66666667 0.         1.        ]
